# Weekly Intelligence Summary - 2026-04-27

## 周度结论
- window_days: 7
- review_count: 76
- paper win_rate=0.0667 flat_rate=0.6 pnl=-0.14775
- paper_to_micro_live eligible=False

## Best Regimes
- trend: score=-0.1304 total=23 hit=4 flat=14 unresolved=0 avg_conf=0.6394
- mean_revert: score=-0.2586 total=29 hit=4 flat=23 unresolved=0 avg_conf=0.6274
- carry_no: score=-0.5 total=24 hit=0 flat=24 unresolved=0 avg_conf=0.71

## Worst Regimes
- carry_no: score=-0.5 total=24 hit=0 flat=24 unresolved=0 avg_conf=0.71
- mean_revert: score=-0.2586 total=29 hit=4 flat=23 unresolved=0 avg_conf=0.6274
- trend: score=-0.1304 total=23 hit=4 flat=14 unresolved=0 avg_conf=0.6394

## Best Clusters
- other: score=-0.0536 total=28 hit=6 flat=15 unresolved=0 avg_conf=0.6349
- gta_vi: score=-0.1667 total=9 hit=2 flat=7 unresolved=0 avg_conf=0.6218
- world_cup: score=-0.5 total=15 hit=0 flat=15 unresolved=0 avg_conf=0.71
- us_election: score=-0.5 total=24 hit=0 flat=24 unresolved=0 avg_conf=0.6633

## Worst Clusters
- us_election: score=-0.5 total=24 hit=0 flat=24 unresolved=0 avg_conf=0.6633
- world_cup: score=-0.5 total=15 hit=0 flat=15 unresolved=0 avg_conf=0.71
- gta_vi: score=-0.1667 total=9 hit=2 flat=7 unresolved=0 avg_conf=0.6218
- other: score=-0.0536 total=28 hit=6 flat=15 unresolved=0 avg_conf=0.6349

## 建议动作
- 把 high-flat 的 regime/cluster 降低注意力权重。
- 优先保留 hit rate / score 更好的方向进入样刊主栏。
- 继续以周报验证情报质量，而不是直接推进自动真钱。