# Weekly Intelligence Summary - 2026-05-02

## 周度结论
- window_days: 7
- review_count: 115
- paper win_rate=0.0667 flat_rate=0.6 pnl=-0.14775
- paper_to_micro_live eligible=False

## Best Regimes
- trend: score=0.2 total=19 hit=7 flat=6 unresolved=1 avg_conf=0.6369
- mean_revert: score=0.1515 total=33 hit=10 flat=10 unresolved=0 avg_conf=0.6319
- carry_no: score=-0.3143 total=63 hit=0 flat=32 unresolved=19 avg_conf=0.7062

## Worst Regimes
- carry_no: score=-0.3143 total=63 hit=0 flat=32 unresolved=19 avg_conf=0.7062
- mean_revert: score=0.1515 total=33 hit=10 flat=10 unresolved=0 avg_conf=0.6319
- trend: score=0.2 total=19 hit=7 flat=6 unresolved=1 avg_conf=0.6369

## Best Clusters
- gta_vi: score=0.1875 total=8 hit=3 flat=3 unresolved=0 avg_conf=0.6065
- other: score=0.0957 total=47 hit=12 flat=7 unresolved=20 avg_conf=0.6625
- us_election: score=-0.2121 total=33 hit=2 flat=18 unresolved=0 avg_conf=0.6776
- world_cup: score=-0.3704 total=27 hit=0 flat=20 unresolved=0 avg_conf=0.707

## Worst Clusters
- world_cup: score=-0.3704 total=27 hit=0 flat=20 unresolved=0 avg_conf=0.707
- us_election: score=-0.2121 total=33 hit=2 flat=18 unresolved=0 avg_conf=0.6776
- other: score=0.0957 total=47 hit=12 flat=7 unresolved=20 avg_conf=0.6625
- gta_vi: score=0.1875 total=8 hit=3 flat=3 unresolved=0 avg_conf=0.6065

## 建议动作
- 把 high-flat 的 regime/cluster 降低注意力权重。
- 优先保留 hit rate / score 更好的方向进入样刊主栏。
- 继续以周报验证情报质量，而不是直接推进自动真钱。