# Weekly Intelligence Summary - 2026-04-30

## 周度结论
- window_days: 7
- review_count: 102
- paper win_rate=0.0667 flat_rate=0.6 pnl=-0.14775
- paper_to_micro_live eligible=False

## Best Regimes
- trend: score=0.505 total=20 hit=11 flat=1 unresolved=2 avg_conf=0.6357
- mean_revert: score=0.1964 total=28 hit=7 flat=3 unresolved=0 avg_conf=0.6347
- carry_no: score=-0.1037 total=54 hit=0 flat=2 unresolved=23 avg_conf=0.7026

## Worst Regimes
- carry_no: score=-0.1037 total=54 hit=0 flat=2 unresolved=23 avg_conf=0.7026
- mean_revert: score=0.1964 total=28 hit=7 flat=3 unresolved=0 avg_conf=0.6347
- trend: score=0.505 total=20 hit=11 flat=1 unresolved=2 avg_conf=0.6357

## Best Clusters
- gta_vi: score=0.3571 total=7 hit=3 flat=1 unresolved=0 avg_conf=0.6183
- us_election: score=0.125 total=28 hit=4 flat=1 unresolved=0 avg_conf=0.6733
- other: score=0.1042 total=48 hit=11 flat=2 unresolved=25 avg_conf=0.6632
- world_cup: score=-0.0526 total=19 hit=0 flat=2 unresolved=0 avg_conf=0.7058

## Worst Clusters
- world_cup: score=-0.0526 total=19 hit=0 flat=2 unresolved=0 avg_conf=0.7058
- other: score=0.1042 total=48 hit=11 flat=2 unresolved=25 avg_conf=0.6632
- us_election: score=0.125 total=28 hit=4 flat=1 unresolved=0 avg_conf=0.6733
- gta_vi: score=0.3571 total=7 hit=3 flat=1 unresolved=0 avg_conf=0.6183

## 建议动作
- 把 high-flat 的 regime/cluster 降低注意力权重。
- 优先保留 hit rate / score 更好的方向进入样刊主栏。
- 继续以周报验证情报质量，而不是直接推进自动真钱。