# Weekly Intelligence Summary - 2026-05-02

## 周度结论
- window_days: 7
- review_count: 116
- paper win_rate=0.0667 flat_rate=0.6 pnl=-0.14775
- paper_to_micro_live eligible=False

## Best Regimes
- mean_revert: score=0.0735 total=34 hit=9 flat=13 unresolved=0 avg_conf=0.6299
- trend: score=-0.0895 total=19 hit=4 flat=11 unresolved=1 avg_conf=0.6515
- carry_no: score=-0.3143 total=63 hit=0 flat=32 unresolved=19 avg_conf=0.7062

## Worst Regimes
- carry_no: score=-0.3143 total=63 hit=0 flat=32 unresolved=19 avg_conf=0.7062
- trend: score=-0.0895 total=19 hit=4 flat=11 unresolved=1 avg_conf=0.6515
- mean_revert: score=0.0735 total=34 hit=9 flat=13 unresolved=0 avg_conf=0.6299

## Best Clusters
- gta_vi: score=0.2778 total=9 hit=4 flat=3 unresolved=0 avg_conf=0.6069
- other: score=-0.0217 total=46 hit=8 flat=10 unresolved=20 avg_conf=0.6668
- us_election: score=-0.3088 total=34 hit=1 flat=23 unresolved=0 avg_conf=0.6782
- world_cup: score=-0.3704 total=27 hit=0 flat=20 unresolved=0 avg_conf=0.707

## Worst Clusters
- world_cup: score=-0.3704 total=27 hit=0 flat=20 unresolved=0 avg_conf=0.707
- us_election: score=-0.3088 total=34 hit=1 flat=23 unresolved=0 avg_conf=0.6782
- other: score=-0.0217 total=46 hit=8 flat=10 unresolved=20 avg_conf=0.6668
- gta_vi: score=0.2778 total=9 hit=4 flat=3 unresolved=0 avg_conf=0.6069

## 建议动作
- 把 high-flat 的 regime/cluster 降低注意力权重。
- 优先保留 hit rate / score 更好的方向进入样刊主栏。
- 继续以周报验证情报质量，而不是直接推进自动真钱。