# Weekly Intelligence Summary - 2026-05-03

## 周度结论
- window_days: 7
- review_count: 116
- paper win_rate=0.0667 flat_rate=0.6 pnl=-0.14775
- paper_to_micro_live eligible=False

## Best Regimes
- trend: score=0.1167 total=24 hit=8 flat=10 unresolved=1 avg_conf=0.6415
- mean_revert: score=0.069 total=29 hit=8 flat=12 unresolved=0 avg_conf=0.633
- carry_no: score=-0.3143 total=63 hit=0 flat=32 unresolved=19 avg_conf=0.7062

## Worst Regimes
- carry_no: score=-0.3143 total=63 hit=0 flat=32 unresolved=19 avg_conf=0.7062
- mean_revert: score=0.069 total=29 hit=8 flat=12 unresolved=0 avg_conf=0.633
- trend: score=0.1167 total=24 hit=8 flat=10 unresolved=1 avg_conf=0.6415

## Best Clusters
- gta_vi: score=0.3125 total=8 hit=4 flat=3 unresolved=0 avg_conf=0.6078
- other: score=0.0761 total=46 hit=11 flat=7 unresolved=20 avg_conf=0.6645
- us_election: score=-0.3143 total=35 hit=1 flat=24 unresolved=0 avg_conf=0.6778
- world_cup: score=-0.3704 total=27 hit=0 flat=20 unresolved=0 avg_conf=0.707

## Worst Clusters
- world_cup: score=-0.3704 total=27 hit=0 flat=20 unresolved=0 avg_conf=0.707
- us_election: score=-0.3143 total=35 hit=1 flat=24 unresolved=0 avg_conf=0.6778
- other: score=0.0761 total=46 hit=11 flat=7 unresolved=20 avg_conf=0.6645
- gta_vi: score=0.3125 total=8 hit=4 flat=3 unresolved=0 avg_conf=0.6078

## 建议动作
- 把 high-flat 的 regime/cluster 降低注意力权重。
- 优先保留 hit rate / score 更好的方向进入样刊主栏。
- 继续以周报验证情报质量，而不是直接推进自动真钱。