# Weekly Intelligence Summary - 2026-04-27

## 周度结论
- window_days: 7
- review_count: 76
- paper win_rate=0.0667 flat_rate=0.6 pnl=-0.14775
- paper_to_micro_live eligible=False

## Best Regimes
- trend: score=-0.16 total=25 hit=4 flat=16 unresolved=0 avg_conf=0.6407
- mean_revert: score=-0.3889 total=27 hit=2 flat=25 unresolved=0 avg_conf=0.624
- carry_no: score=-0.5 total=24 hit=0 flat=24 unresolved=0 avg_conf=0.71

## Worst Regimes
- carry_no: score=-0.5 total=24 hit=0 flat=24 unresolved=0 avg_conf=0.71
- mean_revert: score=-0.3889 total=27 hit=2 flat=25 unresolved=0 avg_conf=0.624
- trend: score=-0.16 total=25 hit=4 flat=16 unresolved=0 avg_conf=0.6407

## Best Clusters
- gta_vi: score=-0.1667 total=9 hit=2 flat=7 unresolved=0 avg_conf=0.6218
- other: score=-0.1964 total=28 hit=4 flat=19 unresolved=0 avg_conf=0.6357
- world_cup: score=-0.5 total=15 hit=0 flat=15 unresolved=0 avg_conf=0.71
- us_election: score=-0.5 total=24 hit=0 flat=24 unresolved=0 avg_conf=0.6608

## Worst Clusters
- us_election: score=-0.5 total=24 hit=0 flat=24 unresolved=0 avg_conf=0.6608
- world_cup: score=-0.5 total=15 hit=0 flat=15 unresolved=0 avg_conf=0.71
- other: score=-0.1964 total=28 hit=4 flat=19 unresolved=0 avg_conf=0.6357
- gta_vi: score=-0.1667 total=9 hit=2 flat=7 unresolved=0 avg_conf=0.6218

## 建议动作
- 把 high-flat 的 regime/cluster 降低注意力权重。
- 优先保留 hit rate / score 更好的方向进入样刊主栏。
- 继续以周报验证情报质量，而不是直接推进自动真钱。