# Weekly Intelligence Summary - 2026-05-06

## 周度结论
- window_days: 7
- review_count: 87
- paper win_rate=0.0667 flat_rate=0.6 pnl=-0.14775
- paper_to_micro_live eligible=False

## Best Regimes
- trend: score=-0.0923 total=26 hit=5 flat=14 unresolved=2 avg_conf=0.6354
- mean_revert: score=-0.1682 total=22 hit=4 flat=15 unresolved=1 avg_conf=0.6404
- carry_no: score=-0.4846 total=39 hit=0 flat=37 unresolved=2 avg_conf=0.71

## Worst Regimes
- carry_no: score=-0.4846 total=39 hit=0 flat=37 unresolved=2 avg_conf=0.71
- mean_revert: score=-0.1682 total=22 hit=4 flat=15 unresolved=1 avg_conf=0.6404
- trend: score=-0.0923 total=26 hit=5 flat=14 unresolved=2 avg_conf=0.6354

## Best Clusters
- other: score=0.0556 total=27 hit=7 flat=9 unresolved=5 avg_conf=0.6471
- gta_vi: score=-0.2143 total=7 hit=1 flat=5 unresolved=0 avg_conf=0.6019
- us_election: score=-0.4464 total=28 hit=1 flat=27 unresolved=0 avg_conf=0.6737
- world_cup: score=-0.5 total=25 hit=0 flat=25 unresolved=0 avg_conf=0.71

## Worst Clusters
- world_cup: score=-0.5 total=25 hit=0 flat=25 unresolved=0 avg_conf=0.71
- us_election: score=-0.4464 total=28 hit=1 flat=27 unresolved=0 avg_conf=0.6737
- gta_vi: score=-0.2143 total=7 hit=1 flat=5 unresolved=0 avg_conf=0.6019
- other: score=0.0556 total=27 hit=7 flat=9 unresolved=5 avg_conf=0.6471

## 建议动作
- 把 high-flat 的 regime/cluster 降低注意力权重。
- 优先保留 hit rate / score 更好的方向进入样刊主栏。
- 继续以周报验证情报质量，而不是直接推进自动真钱。