# Weekly Intelligence Summary - 2026-04-28

## 周度结论
- window_days: 7
- review_count: 80
- paper win_rate=0.0667 flat_rate=0.6 pnl=-0.14775
- paper_to_micro_live eligible=False

## Best Regimes
- mean_revert: score=-0.0833 total=30 hit=8 flat=21 unresolved=0 avg_conf=0.624
- trend: score=-0.3333 total=24 hit=2 flat=20 unresolved=0 avg_conf=0.6253
- carry_no: score=-0.5 total=26 hit=0 flat=26 unresolved=0 avg_conf=0.71

## Worst Regimes
- carry_no: score=-0.5 total=26 hit=0 flat=26 unresolved=0 avg_conf=0.71
- trend: score=-0.3333 total=24 hit=2 flat=20 unresolved=0 avg_conf=0.6253
- mean_revert: score=-0.0833 total=30 hit=8 flat=21 unresolved=0 avg_conf=0.624

## Best Clusters
- other: score=-0.05 total=30 hit=8 flat=19 unresolved=0 avg_conf=0.6243
- gta_vi: score=-0.1667 total=9 hit=2 flat=7 unresolved=0 avg_conf=0.6218
- world_cup: score=-0.5 total=16 hit=0 flat=16 unresolved=0 avg_conf=0.71
- us_election: score=-0.5 total=25 hit=0 flat=25 unresolved=0 avg_conf=0.6601

## Worst Clusters
- us_election: score=-0.5 total=25 hit=0 flat=25 unresolved=0 avg_conf=0.6601
- world_cup: score=-0.5 total=16 hit=0 flat=16 unresolved=0 avg_conf=0.71
- gta_vi: score=-0.1667 total=9 hit=2 flat=7 unresolved=0 avg_conf=0.6218
- other: score=-0.05 total=30 hit=8 flat=19 unresolved=0 avg_conf=0.6243

## 建议动作
- 把 high-flat 的 regime/cluster 降低注意力权重。
- 优先保留 hit rate / score 更好的方向进入样刊主栏。
- 继续以周报验证情报质量，而不是直接推进自动真钱。