# Weekly Intelligence Summary - 2026-05-04

## 周度结论
- window_days: 7
- review_count: 113
- paper win_rate=0.0667 flat_rate=0.6 pnl=-0.14775
- paper_to_micro_live eligible=False

## Best Regimes
- trend: score=-0.09 total=30 hit=6 flat=17 unresolved=1 avg_conf=0.6388
- mean_revert: score=-0.0952 total=21 hit=5 flat=14 unresolved=0 avg_conf=0.6307
- carry_no: score=-0.3677 total=62 hit=0 flat=38 unresolved=19 avg_conf=0.7061

## Worst Regimes
- carry_no: score=-0.3677 total=62 hit=0 flat=38 unresolved=19 avg_conf=0.7061
- mean_revert: score=-0.0952 total=21 hit=5 flat=14 unresolved=0 avg_conf=0.6307
- trend: score=-0.09 total=30 hit=6 flat=17 unresolved=1 avg_conf=0.6388

## Best Clusters
- gta_vi: score=0.125 total=8 hit=3 flat=4 unresolved=0 avg_conf=0.6099
- other: score=-0.0326 total=46 hit=8 flat=11 unresolved=20 avg_conf=0.6614
- us_election: score=-0.4375 total=32 hit=0 flat=28 unresolved=0 avg_conf=0.681
- world_cup: score=-0.4815 total=27 hit=0 flat=26 unresolved=0 avg_conf=0.707

## Worst Clusters
- world_cup: score=-0.4815 total=27 hit=0 flat=26 unresolved=0 avg_conf=0.707
- us_election: score=-0.4375 total=32 hit=0 flat=28 unresolved=0 avg_conf=0.681
- other: score=-0.0326 total=46 hit=8 flat=11 unresolved=20 avg_conf=0.6614
- gta_vi: score=0.125 total=8 hit=3 flat=4 unresolved=0 avg_conf=0.6099

## 建议动作
- 把 high-flat 的 regime/cluster 降低注意力权重。
- 优先保留 hit rate / score 更好的方向进入样刊主栏。
- 继续以周报验证情报质量，而不是直接推进自动真钱。