# Weekly Intelligence Summary - 2026-04-30

## 周度结论
- window_days: 7
- review_count: 103
- paper win_rate=0.0667 flat_rate=0.6 pnl=-0.14775
- paper_to_micro_live eligible=False

## Best Regimes
- trend: score=0.3609 total=23 hit=11 flat=5 unresolved=1 avg_conf=0.6263
- mean_revert: score=0.15 total=30 hit=7 flat=5 unresolved=0 avg_conf=0.628
- carry_no: score=-0.096 total=50 hit=0 flat=2 unresolved=19 avg_conf=0.7052

## Worst Regimes
- carry_no: score=-0.096 total=50 hit=0 flat=2 unresolved=19 avg_conf=0.7052
- mean_revert: score=0.15 total=30 hit=7 flat=5 unresolved=0 avg_conf=0.628
- trend: score=0.3609 total=23 hit=11 flat=5 unresolved=1 avg_conf=0.6263

## Best Clusters
- us_election: score=0.1296 total=27 hit=4 flat=1 unresolved=0 avg_conf=0.6737
- gta_vi: score=0.1 total=10 hit=3 flat=4 unresolved=0 avg_conf=0.6056
- other: score=0.0957 total=47 hit=11 flat=5 unresolved=20 avg_conf=0.6564
- world_cup: score=-0.0526 total=19 hit=0 flat=2 unresolved=0 avg_conf=0.7058

## Worst Clusters
- world_cup: score=-0.0526 total=19 hit=0 flat=2 unresolved=0 avg_conf=0.7058
- other: score=0.0957 total=47 hit=11 flat=5 unresolved=20 avg_conf=0.6564
- gta_vi: score=0.1 total=10 hit=3 flat=4 unresolved=0 avg_conf=0.6056
- us_election: score=0.1296 total=27 hit=4 flat=1 unresolved=0 avg_conf=0.6737

## 建议动作
- 把 high-flat 的 regime/cluster 降低注意力权重。
- 优先保留 hit rate / score 更好的方向进入样刊主栏。
- 继续以周报验证情报质量，而不是直接推进自动真钱。