# Weekly Intelligence Summary - 2026-04-28

## 周度结论
- window_days: 7
- review_count: 79
- paper win_rate=0.0667 flat_rate=0.6 pnl=-0.14775
- paper_to_micro_live eligible=False

## Best Regimes
- mean_revert: score=-0.1452 total=31 hit=7 flat=23 unresolved=0 avg_conf=0.6188
- trend: score=-0.2826 total=23 hit=2 flat=17 unresolved=0 avg_conf=0.6328
- carry_no: score=-0.5 total=25 hit=0 flat=25 unresolved=0 avg_conf=0.71

## Worst Regimes
- carry_no: score=-0.5 total=25 hit=0 flat=25 unresolved=0 avg_conf=0.71
- trend: score=-0.2826 total=23 hit=2 flat=17 unresolved=0 avg_conf=0.6328
- mean_revert: score=-0.1452 total=31 hit=7 flat=23 unresolved=0 avg_conf=0.6188

## Best Clusters
- other: score=-0.0667 total=30 hit=7 flat=18 unresolved=0 avg_conf=0.6231
- gta_vi: score=-0.2 total=10 hit=2 flat=8 unresolved=0 avg_conf=0.622
- world_cup: score=-0.5 total=15 hit=0 flat=15 unresolved=0 avg_conf=0.71
- us_election: score=-0.5 total=24 hit=0 flat=24 unresolved=0 avg_conf=0.6636

## Worst Clusters
- us_election: score=-0.5 total=24 hit=0 flat=24 unresolved=0 avg_conf=0.6636
- world_cup: score=-0.5 total=15 hit=0 flat=15 unresolved=0 avg_conf=0.71
- gta_vi: score=-0.2 total=10 hit=2 flat=8 unresolved=0 avg_conf=0.622
- other: score=-0.0667 total=30 hit=7 flat=18 unresolved=0 avg_conf=0.6231

## 建议动作
- 把 high-flat 的 regime/cluster 降低注意力权重。
- 优先保留 hit rate / score 更好的方向进入样刊主栏。
- 继续以周报验证情报质量，而不是直接推进自动真钱。