# Weekly Intelligence Summary - 2026-05-03

## 周度结论
- window_days: 7
- review_count: 114
- paper win_rate=0.0667 flat_rate=0.6 pnl=-0.14775
- paper_to_micro_live eligible=False

## Best Regimes
- trend: score=-0.1048 total=21 hit=4 flat=12 unresolved=1 avg_conf=0.6354
- mean_revert: score=-0.1333 total=30 hit=6 flat=20 unresolved=0 avg_conf=0.636
- carry_no: score=-0.3619 total=63 hit=0 flat=38 unresolved=19 avg_conf=0.7062

## Worst Regimes
- carry_no: score=-0.3619 total=63 hit=0 flat=38 unresolved=19 avg_conf=0.7062
- mean_revert: score=-0.1333 total=30 hit=6 flat=20 unresolved=0 avg_conf=0.636
- trend: score=-0.1048 total=21 hit=4 flat=12 unresolved=1 avg_conf=0.6354

## Best Clusters
- gta_vi: score=0.4375 total=8 hit=5 flat=3 unresolved=0 avg_conf=0.624
- other: score=-0.1136 total=44 hit=5 flat=12 unresolved=20 avg_conf=0.6619
- us_election: score=-0.4143 total=35 hit=0 flat=29 unresolved=0 avg_conf=0.6774
- world_cup: score=-0.4815 total=27 hit=0 flat=26 unresolved=0 avg_conf=0.707

## Worst Clusters
- world_cup: score=-0.4815 total=27 hit=0 flat=26 unresolved=0 avg_conf=0.707
- us_election: score=-0.4143 total=35 hit=0 flat=29 unresolved=0 avg_conf=0.6774
- other: score=-0.1136 total=44 hit=5 flat=12 unresolved=20 avg_conf=0.6619
- gta_vi: score=0.4375 total=8 hit=5 flat=3 unresolved=0 avg_conf=0.624

## 建议动作
- 把 high-flat 的 regime/cluster 降低注意力权重。
- 优先保留 hit rate / score 更好的方向进入样刊主栏。
- 继续以周报验证情报质量，而不是直接推进自动真钱。