# Weekly Intelligence Summary - 2026-05-05

## 周度结论
- window_days: 7
- review_count: 111
- paper win_rate=0.0667 flat_rate=0.6 pnl=-0.14775
- paper_to_micro_live eligible=False

## Best Regimes
- trend: score=-0.0087 total=23 hit=6 flat=12 unresolved=1 avg_conf=0.6421
- mean_revert: score=-0.2 total=26 hit=4 flat=18 unresolved=1 avg_conf=0.6278
- carry_no: score=-0.3677 total=62 hit=0 flat=38 unresolved=19 avg_conf=0.7061

## Worst Regimes
- carry_no: score=-0.3677 total=62 hit=0 flat=38 unresolved=19 avg_conf=0.7061
- mean_revert: score=-0.2 total=26 hit=4 flat=18 unresolved=1 avg_conf=0.6278
- trend: score=-0.0087 total=23 hit=6 flat=12 unresolved=1 avg_conf=0.6421

## Best Clusters
- other: score=-0.05 total=44 hit=7 flat=10 unresolved=21 avg_conf=0.6628
- gta_vi: score=-0.0625 total=8 hit=2 flat=5 unresolved=0 avg_conf=0.6047
- us_election: score=-0.3906 total=32 hit=1 flat=27 unresolved=0 avg_conf=0.6806
- world_cup: score=-0.4815 total=27 hit=0 flat=26 unresolved=0 avg_conf=0.707

## Worst Clusters
- world_cup: score=-0.4815 total=27 hit=0 flat=26 unresolved=0 avg_conf=0.707
- us_election: score=-0.3906 total=32 hit=1 flat=27 unresolved=0 avg_conf=0.6806
- gta_vi: score=-0.0625 total=8 hit=2 flat=5 unresolved=0 avg_conf=0.6047
- other: score=-0.05 total=44 hit=7 flat=10 unresolved=21 avg_conf=0.6628

## 建议动作
- 把 high-flat 的 regime/cluster 降低注意力权重。
- 优先保留 hit rate / score 更好的方向进入样刊主栏。
- 继续以周报验证情报质量，而不是直接推进自动真钱。