# Weekly Intelligence Summary - 2026-04-28

## 周度结论
- window_days: 7
- review_count: 81
- paper win_rate=0.0667 flat_rate=0.6 pnl=-0.14775
- paper_to_micro_live eligible=False

## Best Regimes
- trend: score=0.2115 total=26 hit=11 flat=11 unresolved=0 avg_conf=0.6259
- mean_revert: score=0.1897 total=29 hit=11 flat=11 unresolved=0 avg_conf=0.6212
- carry_no: score=-0.1154 total=26 hit=0 flat=6 unresolved=0 avg_conf=0.71

## Worst Regimes
- carry_no: score=-0.1154 total=26 hit=0 flat=6 unresolved=0 avg_conf=0.71
- mean_revert: score=0.1897 total=29 hit=11 flat=11 unresolved=0 avg_conf=0.6212
- trend: score=0.2115 total=26 hit=11 flat=11 unresolved=0 avg_conf=0.6259

## Best Clusters
- gta_vi: score=0.4 total=10 hit=6 flat=4 unresolved=0 avg_conf=0.622
- other: score=0.3548 total=31 hit=15 flat=8 unresolved=0 avg_conf=0.6239
- world_cup: score=-0.125 total=16 hit=0 flat=4 unresolved=0 avg_conf=0.71
- us_election: score=-0.2083 total=24 hit=1 flat=12 unresolved=0 avg_conf=0.6596

## Worst Clusters
- us_election: score=-0.2083 total=24 hit=1 flat=12 unresolved=0 avg_conf=0.6596
- world_cup: score=-0.125 total=16 hit=0 flat=4 unresolved=0 avg_conf=0.71
- other: score=0.3548 total=31 hit=15 flat=8 unresolved=0 avg_conf=0.6239
- gta_vi: score=0.4 total=10 hit=6 flat=4 unresolved=0 avg_conf=0.622

## 建议动作
- 把 high-flat 的 regime/cluster 降低注意力权重。
- 优先保留 hit rate / score 更好的方向进入样刊主栏。
- 继续以周报验证情报质量，而不是直接推进自动真钱。