# Weekly Intelligence Summary - 2026-04-30

## 周度结论
- window_days: 7
- review_count: 84
- paper win_rate=0.0667 flat_rate=0.6 pnl=-0.14775
- paper_to_micro_live eligible=False

## Best Regimes
- trend: score=0.5941 total=17 hit=11 flat=1 unresolved=2 avg_conf=0.6356
- mean_revert: score=0.1613 total=31 hit=7 flat=4 unresolved=0 avg_conf=0.6343
- carry_no: score=-0.1 total=36 hit=0 flat=4 unresolved=8 avg_conf=0.7033

## Worst Regimes
- carry_no: score=-0.1 total=36 hit=0 flat=4 unresolved=8 avg_conf=0.7033
- mean_revert: score=0.1613 total=31 hit=7 flat=4 unresolved=0 avg_conf=0.6343
- trend: score=0.5941 total=17 hit=11 flat=1 unresolved=2 avg_conf=0.6356

## Best Clusters
- gta_vi: score=0.2857 total=7 hit=3 flat=2 unresolved=0 avg_conf=0.6211
- other: score=0.2424 total=33 hit=11 flat=2 unresolved=10 avg_conf=0.6482
- us_election: score=0.1296 total=27 hit=4 flat=1 unresolved=0 avg_conf=0.669
- world_cup: score=-0.1176 total=17 hit=0 flat=4 unresolved=0 avg_conf=0.7053

## Worst Clusters
- world_cup: score=-0.1176 total=17 hit=0 flat=4 unresolved=0 avg_conf=0.7053
- us_election: score=0.1296 total=27 hit=4 flat=1 unresolved=0 avg_conf=0.669
- other: score=0.2424 total=33 hit=11 flat=2 unresolved=10 avg_conf=0.6482
- gta_vi: score=0.2857 total=7 hit=3 flat=2 unresolved=0 avg_conf=0.6211

## 建议动作
- 把 high-flat 的 regime/cluster 降低注意力权重。
- 优先保留 hit rate / score 更好的方向进入样刊主栏。
- 继续以周报验证情报质量，而不是直接推进自动真钱。