# Weekly Intelligence Summary - 2026-04-27

## 周度结论
- window_days: 7
- review_count: 70
- paper win_rate=0.0667 flat_rate=0.6 pnl=-0.14775
- paper_to_micro_live eligible=False

## Best Regimes
- trend: score=-0.0714 total=21 hit=5 flat=13 unresolved=0 avg_conf=0.6367
- mean_revert: score=-0.3077 total=26 hit=3 flat=22 unresolved=0 avg_conf=0.6186
- carry_no: score=-0.5 total=23 hit=0 flat=23 unresolved=0 avg_conf=0.71

## Worst Regimes
- carry_no: score=-0.5 total=23 hit=0 flat=23 unresolved=0 avg_conf=0.71
- mean_revert: score=-0.3077 total=26 hit=3 flat=22 unresolved=0 avg_conf=0.6186
- trend: score=-0.0714 total=21 hit=5 flat=13 unresolved=0 avg_conf=0.6367

## Best Clusters
- other: score=0.0 total=25 hit=7 flat=14 unresolved=0 avg_conf=0.6309
- gta_vi: score=-0.3125 total=8 hit=1 flat=7 unresolved=0 avg_conf=0.6165
- world_cup: score=-0.5 total=15 hit=0 flat=15 unresolved=0 avg_conf=0.71
- us_election: score=-0.5 total=22 hit=0 flat=22 unresolved=0 avg_conf=0.6558

## Worst Clusters
- us_election: score=-0.5 total=22 hit=0 flat=22 unresolved=0 avg_conf=0.6558
- world_cup: score=-0.5 total=15 hit=0 flat=15 unresolved=0 avg_conf=0.71
- gta_vi: score=-0.3125 total=8 hit=1 flat=7 unresolved=0 avg_conf=0.6165
- other: score=0.0 total=25 hit=7 flat=14 unresolved=0 avg_conf=0.6309

## 建议动作
- 把 high-flat 的 regime/cluster 降低注意力权重。
- 优先保留 hit rate / score 更好的方向进入样刊主栏。
- 继续以周报验证情报质量，而不是直接推进自动真钱。