# Weekly Intelligence Summary - 2026-05-04

## 周度结论
- window_days: 7
- review_count: 113
- paper win_rate=0.0667 flat_rate=0.6 pnl=-0.14775
- paper_to_micro_live eligible=False

## Best Regimes
- mean_revert: score=-0.0652 total=23 hit=6 flat=15 unresolved=0 avg_conf=0.6318
- trend: score=-0.1143 total=28 hit=5 flat=16 unresolved=1 avg_conf=0.6407
- carry_no: score=-0.3677 total=62 hit=0 flat=38 unresolved=19 avg_conf=0.7061

## Worst Regimes
- carry_no: score=-0.3677 total=62 hit=0 flat=38 unresolved=19 avg_conf=0.7061
- trend: score=-0.1143 total=28 hit=5 flat=16 unresolved=1 avg_conf=0.6407
- mean_revert: score=-0.0652 total=23 hit=6 flat=15 unresolved=0 avg_conf=0.6318

## Best Clusters
- gta_vi: score=0.125 total=8 hit=3 flat=4 unresolved=0 avg_conf=0.6099
- other: score=-0.0222 total=45 hit=8 flat=10 unresolved=20 avg_conf=0.6628
- us_election: score=-0.4394 total=33 hit=0 flat=29 unresolved=0 avg_conf=0.6805
- world_cup: score=-0.4815 total=27 hit=0 flat=26 unresolved=0 avg_conf=0.707

## Worst Clusters
- world_cup: score=-0.4815 total=27 hit=0 flat=26 unresolved=0 avg_conf=0.707
- us_election: score=-0.4394 total=33 hit=0 flat=29 unresolved=0 avg_conf=0.6805
- other: score=-0.0222 total=45 hit=8 flat=10 unresolved=20 avg_conf=0.6628
- gta_vi: score=0.125 total=8 hit=3 flat=4 unresolved=0 avg_conf=0.6099

## 建议动作
- 把 high-flat 的 regime/cluster 降低注意力权重。
- 优先保留 hit rate / score 更好的方向进入样刊主栏。
- 继续以周报验证情报质量，而不是直接推进自动真钱。