# Weekly Intelligence Summary - 2026-04-27

## 周度结论
- window_days: 7
- review_count: 75
- paper win_rate=0.0667 flat_rate=0.6 pnl=-0.14775
- paper_to_micro_live eligible=False

## Best Regimes
- trend: score=-0.1 total=25 hit=5 flat=15 unresolved=0 avg_conf=0.6462
- mean_revert: score=-0.3654 total=26 hit=2 flat=23 unresolved=0 avg_conf=0.6194
- carry_no: score=-0.5 total=24 hit=0 flat=24 unresolved=0 avg_conf=0.71

## Worst Regimes
- carry_no: score=-0.5 total=24 hit=0 flat=24 unresolved=0 avg_conf=0.71
- mean_revert: score=-0.3654 total=26 hit=2 flat=23 unresolved=0 avg_conf=0.6194
- trend: score=-0.1 total=25 hit=5 flat=15 unresolved=0 avg_conf=0.6462

## Best Clusters
- other: score=-0.0714 total=28 hit=6 flat=16 unresolved=0 avg_conf=0.6409
- gta_vi: score=-0.3125 total=8 hit=1 flat=7 unresolved=0 avg_conf=0.6165
- world_cup: score=-0.5 total=15 hit=0 flat=15 unresolved=0 avg_conf=0.71
- us_election: score=-0.5 total=24 hit=0 flat=24 unresolved=0 avg_conf=0.6572

## Worst Clusters
- us_election: score=-0.5 total=24 hit=0 flat=24 unresolved=0 avg_conf=0.6572
- world_cup: score=-0.5 total=15 hit=0 flat=15 unresolved=0 avg_conf=0.71
- gta_vi: score=-0.3125 total=8 hit=1 flat=7 unresolved=0 avg_conf=0.6165
- other: score=-0.0714 total=28 hit=6 flat=16 unresolved=0 avg_conf=0.6409

## 建议动作
- 把 high-flat 的 regime/cluster 降低注意力权重。
- 优先保留 hit rate / score 更好的方向进入样刊主栏。
- 继续以周报验证情报质量，而不是直接推进自动真钱。